SIMULACIÓN DE DADOS - 20260310_152542
Configuración: 9 D20 x 15 veces
------------------------------
Tirada 1: [17, 9, 10, 15, 3, 18, 19, 17, 19] (Suma: 127)
Tirada 2: [1, 10, 12, 12, 2, 19, 13, 19, 5] (Suma: 93)
Tirada 3: [4, 17, 9, 2, 19, 11, 1, 15, 20] (Suma: 98)
Tirada 4: [2, 9, 6, 7, 11, 11, 8, 4, 7] (Suma: 65)
Tirada 5: [15, 14, 14, 14, 1, 18, 7, 11, 17] (Suma: 111)
Tirada 6: [7, 6, 8, 13, 20, 15, 16, 11, 1] (Suma: 97)
Tirada 7: [6, 7, 9, 14, 7, 3, 19, 18, 6] (Suma: 89)
Tirada 8: [9, 20, 20, 6, 4, 4, 16, 11, 10] (Suma: 100)
Tirada 9: [10, 1, 4, 5, 13, 8, 18, 18, 9] (Suma: 86)
Tirada 10: [18, 12, 8, 6, 10, 18, 4, 20, 17] (Suma: 113)
Tirada 11: [18, 10, 3, 18, 10, 16, 1, 6, 18] (Suma: 100)
Tirada 12: [18, 1, 18, 13, 20, 16, 2, 13, 16] (Suma: 117)
Tirada 13: [8, 1, 11, 10, 9, 7, 9, 19, 11] (Suma: 85)
Tirada 14: [17, 10, 4, 13, 8, 14, 18, 13, 11] (Suma: 108)
Tirada 15: [9, 6, 9, 7, 15, 8, 17, 11, 17] (Suma: 99)
------------------------------
Estadísticas: {'total': 1488, 'media': 99.2, 'maximo': 127, 'minimo': 65, 'valores_planos': [17, 9, 10, 15, 3, 18, 19, 17, 19, 1, 10, 12, 12, 2, 19, 13, 19, 5, 4, 17, 9, 2, 19, 11, 1, 15, 20, 2, 9, 6, 7, 11, 11, 8, 4, 7, 15, 14, 14, 14, 1, 18, 7, 11, 17, 7, 6, 8, 13, 20, 15, 16, 11, 1, 6, 7, 9, 14, 7, 3, 19, 18, 6, 9, 20, 20, 6, 4, 4, 16, 11, 10, 10, 1, 4, 5, 13, 8, 18, 18, 9, 18, 12, 8, 6, 10, 18, 4, 20, 17, 18, 10, 3, 18, 10, 16, 1, 6, 18, 18, 1, 18, 13, 20, 16, 2, 13, 16, 8, 1, 11, 10, 9, 7, 9, 19, 11, 17, 10, 4, 13, 8, 14, 18, 13, 11, 9, 6, 9, 7, 15, 8, 17, 11, 17]}
