SIMULACIÓN DE DADOS - 20260310_153039
Configuración: 8 D20 x 10 veces
------------------------------
Tirada 1: [8, 10, 15, 13, 1, 9, 4, 10] (Suma: 70)
Tirada 2: [9, 14, 11, 2, 9, 20, 3, 3] (Suma: 71)
Tirada 3: [19, 11, 19, 11, 8, 6, 13, 15] (Suma: 102)
Tirada 4: [1, 3, 20, 20, 6, 1, 10, 2] (Suma: 63)
Tirada 5: [3, 17, 5, 20, 19, 9, 6, 6] (Suma: 85)
Tirada 6: [2, 11, 17, 18, 15, 15, 5, 20] (Suma: 103)
Tirada 7: [11, 12, 9, 15, 20, 9, 10, 16] (Suma: 102)
Tirada 8: [6, 20, 3, 4, 19, 1, 18, 17] (Suma: 88)
Tirada 9: [13, 18, 8, 20, 16, 5, 20, 1] (Suma: 101)
Tirada 10: [14, 12, 3, 6, 15, 16, 5, 3] (Suma: 74)
------------------------------
Estadísticas: {'total': 859, 'media': 85.9, 'maximo': 103, 'minimo': 63, 'valores_planos': [8, 10, 15, 13, 1, 9, 4, 10, 9, 14, 11, 2, 9, 20, 3, 3, 19, 11, 19, 11, 8, 6, 13, 15, 1, 3, 20, 20, 6, 1, 10, 2, 3, 17, 5, 20, 19, 9, 6, 6, 2, 11, 17, 18, 15, 15, 5, 20, 11, 12, 9, 15, 20, 9, 10, 16, 6, 20, 3, 4, 19, 1, 18, 17, 13, 18, 8, 20, 16, 5, 20, 1, 14, 12, 3, 6, 15, 16, 5, 3]}
