SIMULACIÓN DE DADOS - 20260310_155756
Configuración: 8 D8 x 9 veces
------------------------------
Tirada 1: [4, 6, 2, 3, 4, 4, 7, 4] (Suma: 34)
Tirada 2: [6, 5, 4, 4, 8, 6, 3, 4] (Suma: 40)
Tirada 3: [7, 5, 5, 2, 3, 8, 4, 5] (Suma: 39)
Tirada 4: [8, 5, 1, 5, 2, 4, 7, 5] (Suma: 37)
Tirada 5: [3, 1, 3, 1, 4, 2, 5, 5] (Suma: 24)
Tirada 6: [1, 1, 8, 2, 4, 7, 3, 4] (Suma: 30)
Tirada 7: [1, 5, 4, 7, 1, 1, 3, 1] (Suma: 23)
Tirada 8: [7, 7, 8, 6, 1, 2, 2, 1] (Suma: 34)
Tirada 9: [2, 7, 5, 5, 7, 3, 6, 2] (Suma: 37)
------------------------------
Estadísticas: {'total': 298, 'media': 33.11, 'maximo': 40, 'minimo': 23, 'valores_planos': [4, 6, 2, 3, 4, 4, 7, 4, 6, 5, 4, 4, 8, 6, 3, 4, 7, 5, 5, 2, 3, 8, 4, 5, 8, 5, 1, 5, 2, 4, 7, 5, 3, 1, 3, 1, 4, 2, 5, 5, 1, 1, 8, 2, 4, 7, 3, 4, 1, 5, 4, 7, 1, 1, 3, 1, 7, 7, 8, 6, 1, 2, 2, 1, 2, 7, 5, 5, 7, 3, 6, 2]}
